770	80	114	281	105	383	109	540	540	540	101	957	58	844	44	696	89	916	111	637	
917	770	117	612	269	382	843	726	32	711	99	895	540	293	778	280	114	389	483	531	
97	337	99	886	528	238	107	509	482	497	180	135	101	205	548	12	746	815	100	132	
32	281	558	537	570	252	116	795	81	381	104	199	101	830	490	209	35	813	32	775	
54	394	102	480	298	344	715	643	105	155	15	220	68	926	17	730	114	771	445	223	
115	53	116	845	397	213	32	583	99	378	14	817	111	105	421	879	162	282	689	383	
765	155	919	945	816	322	100	294	895	918	101	506	711	970	309	180	33	627	32	454	
195	861	179	903	757	445	736	248	76	531	117	100	663	840	412	724	99	293	835	645	
41	217	107	490	794	631	105	681	618	275	323	221	108	925	435	20	399	46	121	323	
44	699	340	702	870	32	195	258	530	62	32	871	83	941	832	299	116	299	101	672	
56	941	389	481	714	19	500	49	43	703	118	888	468	501	388	914	140	505	938	726	
8	370	101	2	204	791	32	542	116	118	689	984	104	620	624	595	406	395	111	446	
117	19	423	596	625	563	273	288	248	426	103	693	325	709	577	727	104	495	262	298	
19	303	116	113	581	120	237	599	32	959	116	156	344	424	708	148	104	436	215	344	
97	267	116	81	643	156	306	495	734	888	118	149	32	86	260	966	14	392	837	256	
364	984	429	241	720	197	115	245	748	944	111	714	109	157	723	128	101	216	221	274	
760	495	172	241	668	913	871	811	768	443	111	689	385	383	113	4	110	682	782	820	
836	84	171	256	525	764	101	29	32	830	32	437	109	144	730	32	470	153	105	43	
147	707	419	842	965	460	103	628	231	888	893	663	104	885	703	891	814	659	116	608	
73	894	32	110	450	671	336	9	102	468	308	642	826	359	801	324	105	848	965	887	
103	48	50	895	27	607	805	867	117	145	151	741	769	559	958	47	447	487	114	589	
101	582	495	823	172	821	52	558	63	905	32	208	116	133	711	791	177	990	104	449	
513	71	97	228	636	185	872	942	116	904	298	530	841	238	725	172	32	461	516	604	
111	558	117	492	488	994	116	419	560	438	530	466	724	10	522	399	917	886	46	683	
294	93	614	811	513	775	32	811	805	333	83	563	912	954	755	727	529	766	111	824	
803	856	32	921	740	392	979	502	104	725	345	20	71	7	659	326	91	11	565	756	
101	447	32	983	425	885	394	269	912	798	322	537	110	797	467	723	729	859	899	594	
104	830	682	905	333	268	105	196	24	123	772	645	294	917	652	460	100	786	117	374	
741	799	32	947	598	464	641	804	116	135	104	266	750	338	363	129	101	686	51	130	
282	983	195	770	317	337	32	936	665	282	673	100	97	403	634	954	392	929	99	718	
116	681	181	402	518	553	117	840	139	710	658	277	97	37	177	746	108	430	32	582	
825	811	402	602	666	912	194	504	447	580	97	731	585	704	322	398	786	745	954	331	
110	620	115	454	639	165	119	820	525	902	469	574	101	36	716	227	620	839	114	5	
32	74	9	531	520	193	918	292	781	47	791	442	105	28	529	34	110	881	225	283	
165	464	32	0	348	723	948	46	452	805	116	457	301	404	822	471	790	993	210	464	
104	426	621	640	311	754	324	463	105	795	750	666	602	693	959	246	867	738	115	241	
883	591	390	216	662	804	32	780	564	791	47	105	98	285	849	656	237	747	105	509	
133	247	110	14	967	744	636	475	626	432	97	930	225	616	890	274	114	62	433	308	
121	566	455	30	381	979	230	934	32	688	600	572	116	906	439	582	859	474	492	533	
41	517	485	851	766	634	114	7	960	6	397	717	899	359	635	237	101	621	389	247	
241	36	390	827	532	438	809	914	101	781	46	624	999	453	228	398	129	412	327	950	
32	809	78	670	15	759	111	327	116	600	332	424	419	373	576	227	872	458	105	916	
742	651	908	140	114	206	54	601	603	252	552	208	99	800	448	276	101	1	32	248	
335	800	116	697	66	502	599	570	990	305	449	568	12	669	701	453	104	253	540	452	
101	570	32	391	506	95	101	369	188	310	176	19	778	217	169	792	693	827	788	136	
114	842	904	790	248	190	110	13	507	301	99	127	871	535	905	109	262	425	111	986	
230	685	487	663	168	146	701	19	100	652	200	491	78	714	486	793	105	84	999	769	
110	188	367	660	767	700	103	854	896	941	973	964	32	113	150	534	222	595	754	688	
448	252	66	569	483	141	105	845	26	673	115	702	531	45	652	75	58	431	237	455	
801	151	32	54	362	683	605	973	437	337	78	746	671	194	546	753	111	679	805	986	
310	538	503	704	191	899	241	148	100	134	380	397	101	724	180	125	284	546	86	56	
97	363	195	586	722	215	994	674	948	903	108	57	117	544	460	241	21	321	101	93	
524	76	408	533	685	964	767	411	32	942	76	189	652	132	392	84	990	786	155	457	
101	329	102	885	753	675	481	723	116	508	665	48	502	261	53	345	957	877	815	437	
609	49	892	408	867	4	84	384	624	148	114	645	101	415	912	736	101	379	506	524	
500	927	32	230	291	653	477	767	82	279	129	409	537	503	573	31	105	728	500	919	
827	260	103	84	156	293	201	485	104	524	444	828	586	345	853	569	743	778	758	416	
578	27	503	171	812	951	727	907	881	549	116	739	84	49	599	711	135	19	424	463	
721	137	114	294	32	471	422	599	656	67	101	977	875	581	442	963	48	125	291	186	
101	928	116	961	893	669	46	437	85	682	697	367	32	368	105	312	596	563	5	847	
84	422	201	461	446	481	674	612	285	666	733	296	104	521	108	120	105	790	803	438	
57	879	115	316	736	108	98	297	32	668	105	252	182	281	94	131	115	42	989	72	
472	526	238	411	344	91	822	406	32	851	557	643	914	603	698	39	45	390	97	247	
624	364	240	676	605	495	124	700	166	704	900	254	840	520	617	530	32	601	114	102	
731	309	101	485	738	264	981	735	99	840	117	479	535	278	164	590	114	391	534	846	
115	877	105	208	166	409	118	257	907	494	237	523	469	681	763	560	746	480	101	163	
32	769	988	70	570	971	100	516	792	954	338	155	814	205	883	606	154	239	923	16	
731	437	398	807	108	393	727	106	773	177	877	791	785	905	294	817	982	77	851	95	
101	414	326	623	44	353	115	512	800	327	600	897	99	500	171	156	895	168	644	826	
114	431	101	437	530	888	751	202	524	942	944	980	592	772	914	244	623	353	105	356	
917	385	400	635	342	736	722	529	112	462	756	479	142	462	517	968	550	22	559	296	
762	564	116	147	599	987	105	706	111	770	485	116	110	552	828	299	303	649	32	144	
818	330	924	714	868	382	119	299	877	762	104	976	101	458	245	846	561	630	114	929	
638	672	163	258	991	262	910	382	154	592	101	315	617	502	597	578	463	730	282	477	
32	880	45	601	27	73	49	78	32	644	904	589	109	465	860	14	736	700	101	270	
489	379	849	803	386	968	81	560	108	510	97	323	959	382	637	239	888	593	76	370	
154	16	110	150	104	98	696	782	38	258	115	544	517	890	820	255	730	983	711	248	
805	281	32	515	114	867	766	65	97	256	994	559	32	435	161	530	181	887	78	922	
977	100	298	968	795	222	85	668	712	21	76	686	770	541	297	120	22	316	76	892	
379	873	32	821	161	524	51	669	494	931	783	484	555	496	699	576	115	241	118	260	
117	680	745	459	446	30	98	275	116	263	253	324	114	776	240	382	802	212	101	744	
101	901	423	884	392	507	46	399	207	176	856	342	916	140	56	644	32	940	838	292	
569	701	526	30	893	766	529	452	130	364	246	781	193	806	863	817	67	897	947	145	
410	804	97	451	990	77	110	482	32	681	972	225	510	203	652	759	573	263	744	118	
437	296	230	16	598	555	912	110	518	341	912	263	121	498	774	716	111	960	117	823	
596	769	568	481	505	415	423	154	32	176	833	811	887	380	301	719	825	210	849	327	
102	370	105	872	203	716	281	919	373	133	131	608	103	960	100	440	132	578	728	935	
117	381	468	960	302	745	114	752	531	941	868	797	101	758	889	362	76	660	32	725	
473	747	533	181	955	546	675	549	316	444	373	826	499	556	693	511	111	792	806	210	
411	404	117	759	20	826	116	517	32	297	606	697	15	79	853	499	770	186	134	91	
104	220	48	311	210	224	518	6	301	997	111	560	143	11	523	721	88	871	969	638	
661	242	119	373	13	467	252	170	670	67	32	950	383	469	160	887	553	985	526	140	
287	546	187	88	115	246	116	857	954	341	632	749	978	678	369	453	494	76	13	392	
104	274	419	59	473	695	101	700	23	14	32	806	109	831	275	311	101	46	115	658	
874	187	823	669	989	300	719	129	115	358	986	628	616	705	698	622	851	988	876	618	
97	691	388	467	105	903	103	878	410	586	828	856	101	688	199	602	237	503	757	179	
703	962	60	570	354	985	842	137	765	453	32	641	105	850	133	764	129	99	500	626	
930	17	849	33	204	73	812	527	115	987	32	111	731	154	339	74	868	158	403	241	
643	685	501	549	704	253	865	536	80	489	957	841	101	515	443	744	133	282	110	992	
197	989	736	275	740	925	99	864	565	482	103	468	111	307	249	563	100	480	101	921	
44	770	100	302	32	302	273	960	860	157	63	790	193	456	437	392	10	64	250	400	
610	351	787	639	163	864	10	53	49	727	468	247	917	207	112	654	492	476	49	440	
662	693	420	618	560	931	40	293	972	322	368	55	54	291	828	546	530	423	80	879	
239	328	32	716	533	723	662	788	49	553	627	255	506	530	831	153	544	873	764	251	
49	851	53	926	20	143	32	748	51	470	584	559	511	962	175	613	358	206	50	773	
489	390	875	203	438	562	697	143	6	153	32	697	49	459	574	839	627	629	287	704	
711	233	942	837	28	201	673	639	48	634	53	436	628	937	525	107	32	643	663	176	
57	688	55	191	754	508	325	259	944	734	420	375	32	610	333	643	769	700	929	100	
49	721	607	980	989	444	462	627	12	885	117	406	60	252	309	259	711	590	48	131	
752	264	610	626	127	227	310	242	606	634	459	231	33	719	754	855	646	641	866	243	
324	542	51	917	321	161	32	257	722	177	302	474	54	161	283	583	407	550	108	448	
55	651	57	467	715	176	328	697	960	578	933	894	150	982	806	208	32	813	45	174	
202	499	49	45	161	534	836	402	171	925	32	374	92	695	308	689	170	375	528	225	
865	134	207	354	470	664	49	597	49	225	863	748	48	415	506	340	275	632	742	668	
32	495	890	539	513	998	49	20	484	193	884	305	49	39	816	714	49	672	265	989	
432	279	540	225	892	830	293	712	32	234	45	571	445	785	993	463	628	175	165	181	
346	661	268	382	109	86	816	273	193	419	330	149	49	773	323	507	569	137	32	541	
45	715	752	663	168	331	49	79	6	432	32	489	166	916	516	70	45	548	697	123	
42	791	634	517	647	962	106	255	321	744	49	999	760	665	194	735	32	576	62	163	
49	697	49	746	731	798	110	959	52	37	91	330	32	707	60	448	934	344	45	887	
96	837	839	504	51	85	278	239	454	239	49	23	6	646	45	833	32	857	193	824	
991	365	45	431	537	549	914	962	349	484	119	722	521	269	143	594	49	856	384	564	
32	180	679	853	773	562	49	985	358	234	385	123	74	996	907	897	485	557	49	728	
623	346	589	74	302	703	55	302	653	996	537	210	32	769	364	911	49	295	167	230	
849	818	920	509	693	36	518	305	954	944	296	34	337	433	952	617	418	236	53	72	
68	494	49	169	805	608	188	886	293	908	266	35	414	236	568	431	538	338	830	391	
54	267	589	720	0	29	520	661	91	474	32	320	667	894	941	808	692	325	45	719	
970	890	49	108	921	503	405	502	32	976	45	768	608	756	712	705	49	730	912	257	
13	896	153	761	784	980	53	73	46	596	158	415	225	732	128	360	680	606	32	57	
603	375	504	986	323	104	13	472	901	406	57	430	55	721	827	629	670	237	3	681	
849	34	971	239	268	468	112	24	32	713	487	487	909	871	973	788	49	236	944	649	
48	752	255	935	219	8	658	137	545	363	622	735	56	154	907	830	612	738	636	285	
573	99	777	566	479	689	32	62	334	749	975	604	784	974	785	507	45	961	49	158	
816	750	32	969	635	934	536	752	831	817	45	769	571	687	664	870	49	196	793	542	
546	521	32	607	435	3	49	540	49	703	71	874	54	293	511	774	958	63	32	380	
427	718	874	860	683	44	45	61	212	106	49	737	32	459	852	669	870	64	45	113	
149	146	840	445	998	899	711	729	49	951	32	676	149	868	502	702	392	488	271	826	
56	946	695	974	979	4	923	0	57	595	96	919	32	908	388	735	117	664	633	619	
293	797	576	30	769	304	49	343	51	318	362	689	465	578	46	141	49	89	448	215	
479	414	145	85	14	926	102	516	53	495	32	332	151	975	787	909	49	852	852	372	
49	703	49	221	739	791	760	227	568	384	809	390	609	10	82	107	326	388	32	825	
57	550	857	462	671	561	497	33	580	171	655	261	45	240	861	556	49	662	399	625	
513	702	32	191	332	225	202	318	713	478	49	208	117	879	960	876	49	626	759	737	
48	537	56	961	71	754	25	474	338	32	505	5	844	364	581	897	726	771	32	396	
650	113	573	252	764	976	45	883	183	2	282	833	696	931	586	977	49	568	610	666	
433	972	32	976	621	930	495	875	45	939	681	983	481	335	677	387	49	362	867	230	
651	255	995	815	435	711	32	316	797	91	14	901	105	123	451	619	922	855	51	621	
658	434	6	253	729	183	824	700	478	339	704	427	50	216	901	26	32	602	72	870	
461	859	51	452	918	348	343	810	51	386	32	482	160	784	850	275	778	677	576	484	
232	37	420	936	376	399	371	738	455	451	173	593	409	723	434	526	883	134	45	147	
49	210	443	330	152	339	789	282	767	715	32	506	762	838	822	343	625	398	45	744	
339	913	49	589	427	425	963	656	994	573	262	345	411	597	716	672	32	521	874	123	
45	316	440	225	932	792	400	553	49	772	663	201	693	416	221	387	69	618	808	292	
32	278	928	607	866	840	49	887	14	128	923	110	855	594	913	891	306	901	49	739	
931	820	49	975	555	879	261	977	32	549	866	47	591	51	87	320	758	380	240	337	
16	305	643	872	402	791	926	922	49	545	416	884	218	687	447	198	758	925	49	12	
49	461	101	939	540	594	338	874	815	677	213	112	969	55	718	492	32	66	637	211	
510	813	584	83	106	920	800	893	635	871	313	852	949	695	412	437	116	494	27	388	
449	180	45	789	174	951	49	130	32	836	916	774	659	232	667	401	132	364	898	961	
49	138	276	264	971	475	49	438	441	144	55	960	935	94	233	165	647	153	790	108	
198	237	32	271	989	660	348	15	45	98	517	563	22	243	942	871	49	451	362	721	
32	548	505	531	809	801	435	276	49	210	349	871	46	18	804	419	80	6	92	710	
109	257	457	410	339	721	14	959	719	579	48	66	50	4	438	838	32	537	51	578	
284	767	214	894	930	665	872	431	315	359	50	936	207	841	369	480	321	870	794	838	
832	444	124	612	430	110	440	493	185	346	171	911	186	391	968	244	428	98	32	223	
45	541	317	300	201	641	49	980	583	369	742	656	32	967	959	415	165	735	45	454	
491	783	49	117	648	688	451	342	32	973	45	977	184	259	399	316	147	805	342	293	
600	69	49	728	306	400	32	764	865	733	629	935	78	404	896	390	401	359	49	74	
49	111	921	861	976	954	201	503	797	611	55	266	32	12	389	687	954	552	612	425	
823	865	921	846	120	506	471	147	45	208	49	247	863	910	316	454	797	677	427	896	
695	647	934	717	88	263	32	433	304	170	130	737	49	574	914	176	597	231	622	990	
860	815	875	146	857	754	24	802	875	219	627	488	49	681	569	292	380	295	23	980	
54	156	2	42	509	387	357	552	48	783	791	120	717	611	251	980	32	880	185	645	
45	898	49	215	704	10	32	469	49	658	685	452	147	197	431	220	866	993	278	556	
505	268	743	212	991	947	163	909	50	179	48	32	463	160	495	281	67	268	48	909	
694	670	151	226	121	961	886	255	279	425	32	467	928	761	538	826	45	342	766	875	
794	598	731	607	119	993	49	922	32	865	768	71	45	456	134	132	849	81	49	926	
32	247	975	999	355	66	56	539	700	722	320	885	711	192	812	985	51	422	32	324	
743	536	825	817	361	678	474	611	501	415	49	239	167	780	247	890	613	21	116	753	
49	875	54	385	410	167	9	192	152	782	461	47	32	947	820	691	505	35	460	84	
509	597	391	143	936	714	49	777	142	750	292	675	49	322	800	644	53	95	518	616	
16	960	32	218	800	577	402	805	359	852	49	774	626	291	997	560	48	347	309	133	
182	9	49	593	68	376	913	335	965	59	603	350	439	618	288	457	362	882	32	786	
978	843	525	323	721	749	540	136	687	116	49	508	49	483	935	377	54	95	880	551	
530	87	144	313	863	39	349	985	870	435	32	990	708	64	170	708	45	526	833	337	
49	355	711	804	291	88	948	777	32	408	966	246	672	285	308	139	900	117	49	791	
654	917	769	645	874	126	48	27	516	947	358	290	52	598	966	562	282	747	32	400	
505	174	893	734	582	491	897	573	637	965	851	553	153	722	686	84	276	70	242	335	
45	809	696	64	327	566	49	958	32	358	756	797	362	439	274	982	40	860	45	104	
170	471	898	815	562	208	493	160	206	532	988	993	49	518	784	628	32	180	811	535	
542	580	51	773	600	696	442	994	609	111	455	703	265	816	330	415	95	379	910	625	
50	704	32	783	929	35	196	866	130	417	855	116	45	538	404	46	179	469	588	498	
39	186	717	478	882	271	49	96	38	967	32	697	45	544	677	198	480	478	686	438	
298	343	49	168	67	704	401	409	365	795	784	737	653	100	615	850	32	752	320	724	
57	764	519	766	265	714	40	684	57	557	653	507	280	801	965	615	883	493	844	218	
745	156	980	563	655	175	32	247	777	880	49	22	415	567	187	941	48	761	49	256	
500	816	32	100	88	661	771	209	45	615	49	293	267	878	571	394	997	59	637	212	
273	910	32	877	438	395	45	315	238	405	78	943	792	560	902	375	975	201	530	138	
975	613	423	696	997	874	49	851	714	614	662	624	610	160	872	103	68	667	467	794	
790	41	78	131	582	314	828	155	32	16	629	976	200	763	756	690	860	793	349	893	
49	398	49	894	79	197	52	996	33	383	757	941	32	119	613	776	757	376	45	85	
49	62	231	339	791	147	32	320	720	991	390	175	549	442	545	417	943	358	932	530	
806	946	131	175	252	376	823	421	49	225	48	451	553	28	301	664	49	63	781	603	
701	431	499	884	369	330	901	89	664	28	973	4	32	590	701	383	463	616	45	707	
384	879	167	785	420	247	133	55	126	302	49	799	32	632	444	593	587	980	45	346	
594	741	909	883	178	272	996	914	563	906	49	546	128	707	152	78	537	117	595	771	
831	303	254	575	422	67	32	314	49	146	958	433	48	598	241	271	515	936	49	997	
804	569	636	433	954	627	605	935	837	581	938	661	32	348	184	989	49	140	48	632	
937	243	451	416	879	825	719	992	966	998	249	147	20	555	659	361	57	603	560	117	
651	411	124	803	646	262	599	778	625	983	627	625	876	947	495	534	708	424	389	994	
32	585	95	987	635	448	782	746	3	184	51	119	907	552	996	951	50	988	32	255	
919	873	536	311	0	155	116	388	45	914	49	590	200	492	71	902	5	402	350	36	
32	626	45	216	197	580	616	662	386	214	837	595	49	600	183	867	677	204	32	207	
45	80	287	766	778	291	418	777	50	25	49	678	32	936	787	914	117	961	841	111	
109	199	57	991	131	658	428	354	55	614	340	990	963	563	599	566	32	708	482	725	
759	805	214	289	295	775	428	292	119	697	470	858	548	939	519	99	687	812	520	361	
458	135	953	977	710	851	49	146	712	439	668	214	899	836	365	916	49	870	53	52	
79	103	426	975	634	380	322	425	32	389	878	794	106	876	118	863	45	188	668	108	
237	242	49	209	599	422	177	76	34	5	188	596	32	527	880	431	310	982	300	881	
459	428	493	295	490	132	815	705	861	66	49	657	666	548	942	397	49	556	189	410	
442	374	431	993	338	297	601	198	53	952	825	282	160	481	872	926	194	498	900	129	
32	995	45	314	208	489	453	702	784	966	533	592	470	965	771	58	383	313	499	626	
49	933	118	188	331	165	32	235	77	872	45	530	915	566	396	620	49	390	631	382	
22	994	32	805	802	158	115	358	501	499	354	923	423	912	715	18	798	96	975	281	
51	974	50	80	720	357	395	685	335	62	402	317	32	601	68	25	178	283	850	291	
652	308	492	115	444	671	49	534	808	616	852	87	48	760	109	875	49	314	32	513	
176	723	49	681	202	507	648	42	30	909	848	167	604	605	59	656	770	612	856	559	
795	81	564	244	809	994	48	369	51	975	122	810	700	641	420	321	868	81	914	811	
32	469	991	798	441	464	45	856	7	976	706	639	899	89	738	541	79	19	894	659	
203	966	49	78	934	600	331	454	495	553	32	25	645	433	954	945	45	756	47	244	
914	920	49	239	543	262	205	365	106	603	577	225	306	945	445	788	845	106	937	815	
32	595	4	556	647	514	457	926	582	130	450	371	778	875	99	314	51	406	51	219	
783	923	32	285	676	203	87	777	45	660	49	990	805	812	911	881	32	711	990	442	
972	255	45	504	565	317	676	507	185	683	123	239	49	523	163	687	196	420	32	429	
425	841	178	875	481	211	909	31	648	367	45	829	410	854	561	678	452	437	391	430	
156	82	49	452	800	867	372	193	327	238	5	20	708	989	270	786	127	747	814	927	
32	782	49	545	964	553	688	837	48	241	855	753	49	414	949	103	199	264	246	371	
107	65	6	108	354	303	554	588	831	112	32	376	287	113	942	798	77	293	49	164	
825	70	690	793	607	317	351	725	480	668	16	610	910	3	56	884	661	690	422	741	
453	616	48	183	114	417	49	750	32	466	685	246	49	415	522	80	681	111	49	315	
54	720	780	922	16	118	987	859	329	621	392	396	32	462	600	357	45	422	975	563	
422	959	888	774	891	928	477	265	792	716	49	452	992	490	87	715	76	65	323	972	
243	361	547	177	989	422	648	767	120	279	770	957	393	800	181	545	61	318	251	521	
32	189	864	672	416	815	177	596	514	860	45	193	828	418	475	636	49	53	479	616	
691	512	306	699	992	768	962	0	32	650	0	142	74	357	849	512	797	622	298	503	
402	628	49	848	552	571	998	400	49	611	471	937	531	742	436	735	888	383	56	214	
821	936	301	90	74	680	786	377	545	350	32	243	45	718	48	410	49	726	461	185	
723	413	32	354	290	433	506	125	297	591	45	289	865	778	768	847	49	475	685	241	
499	944	68	597	750	157	32	558	51	122	557	570	57	166	335	791	203	966	434	819	
757	817	910	223	696	227	32	379	437	669	336	537	45	131	905	171	806	890	49	398	
929	587	32	701	485	413	825	33	45	849	49	729	422	334	86	406	77	279	573	537	
32	559	49	231	333	985	506	275	308	639	464	487	56	992	637	2	32	189	49	523	
807	872	79	980	499	512	651	513	702	767	50	463	767	527	720	418	525	269	32	334	
565	106	521	933	67	676	715	709	729	746	674	391	367	133	658	637	49	463	958	909	
49	759	255	66	704	933	57	251	250	276	697	646	716	232	161	993	351	359	32	992	
49	295	136	172	738	499	49	130	314	869	123	76	50	240	659	731	355	399	32	624	
440	651	112	448	628	861	743	354	720	152	814	205	558	786	765	152	578	338	958	659	
1	864	243	38	113	900	51	623	330	119	892	639	50	648	753	955	539	715	792	890	
559	329	856	669	104	377	32	350	456	300	45	61	398	502	194	888	213	46	49	161	
162	455	571	13	375	874	112	676	32	538	433	439	921	906	179	753	45	513	410	801	
873	301	70	357	193	37	970	530	49	552	969	923	847	911	348	124	334	705	43	402	
583	301	418	108	56	90	32	658	981	0	49	1	49	49	293	631	53	910	778	537	
245	311	507	762	692	783	448	258	749	301	754	454	174	947	780	358	721	154	437	887	
32	826	284	805	240	240	278	807	341	691	26	274	57	341	152	752	495	230	55	796	
32	175	569	702	7	12	561	158	969	20	989	586	653	745	800	201	45	458	602	971	
857	795	49	493	378	744	583	58	32	288	731	304	269	392	757	424	940	604	952	646	
179	728	49	936	824	12	3	20	861	560	271	998	49	646	967	422	759	972	552	369	
890	71	781	149	154	697	53	569	478	433	32	307	660	112	858	546	46	771	693	179	
288	658	194	321	140	493	57	472	65	795	542	299	102	786	235	129	330	281	36	471	
45	696	19	963	162	250	49	755	523	220	385	443	32	739	46	541	783	248	45	535	
111	402	276	435	851	385	49	222	830	539	557	151	32	998	116	698	45	97	49	984	
289	798	731	911	601	291	280	743	484	539	32	82	302	505	364	674	51	129	444	988	
50	692	32	71	534	812	553	165	49	964	395	350	299	84	380	648	849	373	987	872	
154	295	243	124	771	302	153	600	687	65	49	18	610	89	191	621	49	74	32	538	
191	61	45	894	627	935	649	56	127	442	166	224	274	711	372	607	650	98	951	319	
49	196	32	865	553	612	49	655	359	585	774	921	464	933	727	428	775	920	48	960	
53	471	531	813	793	967	32	273	402	118	49	733	234	985	840	34	263	926	613	970	
335	400	636	679	882	939	749	720	537	364	673	208	280	890	241	498	48	913	158	583	
421	925	48	925	90	210	407	630	32	813	567	967	49	972	610	313	393	550	976	315	
49	728	919	443	924	256	922	114	32	405	52	149	510	786	955	797	396	598	655	822	
131	506	676	484	610	471	767	100	520	869	3	692	297	922	626	149	725	11	933	440	
934	458	32	886	745	383	932	770	200	956	74	146	217	889	686	108	334	952	45	868	
49	93	684	94	474	708	32	865	702	641	45	876	49	355	499	26	32	669	51	62	
166	622	602	127	499	202	674	767	50	77	162	334	28	673	795	376	792	437	872	761	
280	283	32	228	278	198	738	385	45	514	266	229	49	286	295	949	779	669	615	169	
32	742	37	531	43	903	409	923	465	838	45	479	810	503	383	89	49	43	819	244	
886	11	688	818	675	649	201	835	244	854	871	173	849	450	809	238	32	363	935	448	
49	632	49	891	644	846	985	887	53	919	274	844	802	996	8	760	916	894	166	381	
771	3	798	96	621	80	405	465	300	731	335	55	218	572	107	635	439	133	32	485	
147	408	45	355	483	276	762	362	19	260	49	885	527	606	12	201	863	891	337	90	
32	534	573	574	507	903	45	870	689	769	697	840	49	38	289	770	845	8	38	137	
32	198	479	516	579	251	57	803	388	412	48	871	89	481	640	848	368	357	57	71	
859	643	32	386	45	928	274	337	51	816	57	885	347	709	721	622	32	573	856	762	
45	210	965	552	388	635	49	585	32	572	775	747	804	219	42	414	222	431	45	859	
49	191	727	178	675	252	434	961	318	120	692	609	600	107	972	857	32	178	518	848	
434	730	49	701	197	111	361	384	167	570	339	740	391	330	938	61	813	383	709	528	
386	683	48	157	278	230	56	793	767	838	309	129	801	739	770	435	166	624	32	226	
176	192	286	271	682	680	928	790	671	198	831	119	49	937	466	815	223	400	265	470	
261	75	211	782	521	777	656	537	876	471	832	135	803	68	283	989	229	216	408	288	
49	396	300	896	31	338	48	600	491	513	523	974	362	108	79	781	473	964	806	726	
522	954	529	623	888	243	32	712	518	141	57	38	509	168	521	621	604	203	181	936	
974	363	246	280	220	151	871	662	55	190	495	916	149	112	926	293	32	307	601	211	
864	358	45	803	426	726	49	935	468	421	78	927	32	932	537	793	739	473	953	85	
409	21	623	353	479	476	45	752	897	95	753	493	49	687	585	473	155	850	32	886	
719	872	93	98	217	773	784	160	57	188	55	936	47	711	484	151	315	966	3	448	
32	700	129	223	446	769	441	179	311	867	347	426	49	743	323	552	925	733	279	223	
49	431	7	168	396	173	226	40	670	273	54	437	32	571	321	630	967	327	286	453	
195	892	45	357	946	636	816	817	952	947	49	888	81	979	799	680	423	558	161	761	
167	443	32	995	732	258	576	85	340	887	894	479	45	376	696	388	704	96	778	467	
235	198	310	332	788	187	788	608	298	95	302	915	395	864	90	114	49	439	32	815	
334	350	45	578	540	231	615	10	731	454	49	525	1	504	674	634	32	971	373	992	
49	725	996	988	122	172	169	85	49	145	318	74	591	972	412	301	310	308	473	476	
681	59	406	73	889	704	55	402	458	601	199	99	314	823	791	121	32	384	861	912	
605	342	49	571	390	894	883	182	49	686	49	351	177	304	870	504	32	325	481	827	
886	400	300	161	748	373	45	542	153	1	10	372	997	827	696	865	290	340	49	776	
32	747	160	873	227	978	579	522	314	787	45	180	998	37	218	981	49	197	995	944	
983	56	32	243	869	417	542	172	45	95	752	593	788	668	338	500	49	808	59	140	
410	72	32	97	988	354	913	14	128	160	211	161	49	522	745	79	883	665	49	475	
54	687	366	102	671	668	32	658	956	371	31	971	56	511	204	405	759	123	51	57	
820	941	582	98	837	895	489	842	32	529	132	735	512	908	937	526	51	482	888	475	
834	873	515	241	87	697	982	879	997	716	847	965	357	706	118	734	601	102	456	474	
57	134	731	309	47	593	32	69	440	991	242	767	359	852	250	147	235	12	103	322	
509	192	889	510	582	82	522	566	49	644	48	666	328	902	323	168	857	429	709	623	
529	828	170	421	873	613	479	435	49	76	150	303	32	448	842	587	683	486	515	266	
45	287	536	53	435	978	851	268	241	52	49	690	724	101	369	841	432	538	571	940	
352	444	80	956	911	829	389	501	346	996	504	909	804	753	60	752	306	154	679	19	
32	776	845	288	425	364	427	623	45	728	468	203	807	595	567	390	378	784	220	698	
387	182	698	347	174	49	49	138	756	633	32	50	51	12	919	195	749	291	223	611	
834	414	50	633	685	416	293	230	32	157	52	146	942	294	318	971	54	42	222	236	
32	866	130	871	633	803	586	90	335	606	672	241	511	731	848	580	598	786	45	367	
895	711	149	915	473	694	49	171	121	657	926	41	93	409	848	14	775	615	32	813	
964	114	890	341	296	769	246	552	660	842	286	281	890	764	567	825	45	117	948	167	
150	10	405	390	229	326	219	628	842	38	300	352	49	314	340	757	544	496	32	205	
45	808	584	251	495	320	767	818	238	180	893	43	49	369	55	120	782	81	32	785	
260	607	403	350	253	764	655	631	49	85	48	297	341	336	853	744	318	310	861	541	
48	366	32	430	435	509	583	557	49	617	905	495	176	763	138	717	858	556	49	275	
411	343	683	774	251	79	108	500	596	351	842	653	48	509	46	618	32	814	528	185	
659	951	163	298	171	557	335	568	279	976	793	79	629	98	559	70	177	109	668	899	
49	227	48	992	739	654	780	508	315	945	851	919	964	189	636	253	150	986	49	517	
32	122	527	776	341	793	513	310	678	533	45	908	49	852	733	115	244	637	660	521	
328	884	32	172	667	540	296	308	4	677	884	625	441	934	709	355	223	423	8	610	
250	344	45	288	221	302	49	13	32	966	172	604	45	299	32	966	414	58	130	838	
49	206	724	171	884	553	726	999	167	398	93	599	983	598	656	368	32	871	938	34	
679	837	51	579	58	299	320	89	50	231	32	791	176	65	567	479	276	373	864	541	
886	466	45	755	404	771	190	158	362	162	927	66	478	61	91	541	289	72	49	28	
335	442	588	897	260	848	32	695	890	102	45	870	322	1	782	438	49	652	187	692	
619	256	505	251	525	467	568	260	798	465	881	870	904	961	860	237	103	81	385	253	
546	10	396	790	89	728	32	546	49	281	658	865	25	470	970	252	373	117	48	591	
50	782	508	350	674	65	32	655	973	203	57	375	444	662	448	285	55	317	881	126	
41	562	32	226	675	418	321	300	897	526	49	257	622	513	55	177	48	428	351	155	
52	162	694	363	223	451	422	414	679	69	16	28	32	614	88	795	286	256	45	991	
944	533	198	64	750	118	49	329	838	583	8	471	183	810	693	458	523	396	32	403	
915	142	45	73	396	578	344	558	283	665	860	511	110	238	952	4	49	686	881	963	
131	101	375	921	18	575	537	867	32	422	873	19	121	604	471	334	897	63	51	926	
194	114	446	711	519	85	355	8	965	43	207	606	885	957	782	283	912	66	70	838	
177	664	50	709	455	102	694	158	32	417	147	558	687	884	0	649	105	186	762	546	
49	563	900	94	65	684	49	426	54	107	890	916	461	790	757	523	335	684	390	96	
24	279	676	409	391	574	140	710	558	427	32	863	337	421	319	186	657	493	45	73	
338	227	135	512	266	390	338	492	379	259	408	367	503	46	98	67	49	331	575	350	
576	656	132	847	458	701	32	670	435	861	766	449	45	27	715	578	103	574	720	187	
111	107	357	678	78	513	49	876	315	166	32	569	49	621	269	209	6	122	49	323	
570	168	351	95	383	220	981	686	49	505	791	165	835	246	564	586	32	150	212	971	
881	486	45	153	607	833	49	429	114	964	552	843	32	854	770	765	700	396	840	865	
620	414	610	936	500	273	132	885	207	190	575	809	933	546	148	415	936	202	144	168	
1	943	45	599	70	430	956	441	27	853	354	357	560	269	541	293	49	278	28	22	
142	952	118	204	751	383	32	14	57	372	555	378	639	923	12	232	584	940	878	47	
55	837	465	509	25	455	218	452	344	185	32	550	51	879	462	131	869	465	319	930	
281	787	646	331	637	672	64	68	50	737	32	483	413	118	18	138	527	287	176	124	
755	870	724	139	824	629	350	715	49	173	406	26	155	124	139	268	87	123	240	338	
564	409	790	978	873	540	597	567	335	392	637	453	48	159	592	728	984	726	10	551	
672	973	563	904	741	734	187	797	910	15	50	462	784	467	386	238	32	589	876	473	
691	912	777	724	716	826	985	832	129	904	827	73	45	294	873	106	384	41	432	762	
147	68	251	687	261	282	225	446	139	179	49	19	941	179	960	945	32	162	45	256	
516	96	253	565	14	712	707	125	50	716	293	500	782	562	570	515	49	495	227	867	
32	520	557	697	118	126	45	860	49	622	433	286	157	944	244	956	298	47	32	461	
950	421	80	618	485	458	49	914	299	532	519	774	563	515	225	245	49	353	910	229	
840	5	53	61	42	774	936	118	32	821	69	685	596	331	725	437	45	793	908	462	
49	488	488	999	241	624	32	826	51	807	482	255	8	78	927	630	708	610	50	324	
32	42	120	563	230	377	128	891	545	640	444	9	45	161	588	883	49	673	970	797	
11	321	32	616	18	411	100	188	45	802	49	110	865	295	22	815	850	928	661	586	
657	329	32	416	105	605	49	122	809	680	68	293	822	209	709	120	469	685	610	466	
49	232	729	459	167	695	915	612	990	659	316	664	586	43	445	676	602	799	55	783	
928	791	32	654	181	549	853	339	49	351	197	30	672	695	507	274	340	881	797	88	
391	482	296	9	588	528	74	150	48	668	445	2	50	831	84	594	13	338	196	337	
32	828	769	433	890	190	49	380	567	918	49	998	712	282	278	187	25	220	54	662	
871	328	32	314	101	983	724	644	345	885	619	540	793	82	624	32	49	777	426	1	
213	845	49	352	345	743	53	719	513	395	562	866	455	296	243	782	631	123	497	702	
32	911	469	169	706	395	355	831	220	524	615	785	49	828	58	83	49	183	48	336	
358	430	909	108	379	829	11	644	248	137	229	947	203	832	886	969	38	52	380	437	
725	845	127	151	867	531	822	879	32	471	768	907	51	442	815	784	735	502	986	722	
98	478	691	153	825	859	532	683	965	468	91	386	112	613	117	395	50	685	639	617	
610	88	32	28	814	971	918	45	49	128	687	976	605	245	661	516	276	510	136	220	
48	958	283	240	14	157	958	897	137	502	995	785	49	369	628	963	234	743	90	165	
448	563	661	433	890	158	32	790	696	778	664	22	49	901	923	849	48	24	52	731	
565	758	32	293	332	584	643	748	76	616	160	223	396	247	804	198	449	543	150	50	
45	720	161	633	732	998	49	220	409	472	851	842	694	112	895	547	576	306	32	604	
131	32	574	820	209	654	45	656	767	979	936	882	49	754	908	688	32	828	394	456	
25	478	253	244	182	68	904	27	45	148	49	784	122	208	141	377	704	412	320	654	
549	222	32	967	277	552	366	308	633	484	208	590	177	937	895	397	846	187	981	614	
424	401	762	158	992	710	259	674	356	976	414	208	57	132	526	556	41	921	529	105	
181	815	903	783	770	975	857	505	55	344	32	405	383	761	773	555	45	106	4	320	
979	580	251	814	239	923	137	253	216	24	231	64	420	767	898	623	803	186	49	916	
893	786	193	354	21	597	695	10	832	832	798	306	32	330	552	803	498	376	45	792	
726	642	693	159	541	615	569	541	49	390	701	956	413	994	244	326	655	81	340	669	
32	256	171	708	444	669	45	807	49	608	211	364	32	161	643	655	345	87	74	378	
49	282	967	492	916	471	694	577	431	399	48	825	658	855	386	242	49	189	191	406	
548	295	32	417	677	381	59	494	47	105	559	476	478	875	802	330	255	471	282	697	
259	755	977	643	703	480	49	72	735	783	993	423	641	426	587	73	691	355	314	18	
49	213	669	487	677	667	57	694	813	816	32	391	414	710	365	57	712	128	45	898	
149	839	487	285	342	544	50	705	232	263	49	39	734	444	64	212	467	541	55	407	
977	101	793	546	367	250	14	869	32	512	363	140	443	733	665	339	682	194	45	754	
49	337	548	476	419	678	393	680	818	817	32	885	51	41	889	546	50	809	801	424	
574	420	32	807	141	635	743	111	717	400	646	716	151	85	314	749	98	912	774	134	
804	940	49	580	434	224	88	306	49	224	103	495	52	267	418	509	868	332	829	250	
563	412	50	744	147	782	32	414	751	524	45	302	49	48	892	60	32	703	972	999	
301	673	195	528	453	577	549	874	1	87	45	619	445	966	985	598	49	869	510	375	
16	521	392	773	794	161	442	455	32	782	133	431	598	759	53	198	716	269	844	995	
321	145	297	404	47	874	902	453	434	593	947	865	49	824	596	371	676	837	548	652	
147	817	49	338	252	275	855	416	57	178	412	43	902	665	21	708	32	955	38	495	
227	754	138	877	1	812	45	486	49	367	419	431	662	479	241	113	860	768	817	660	
311	295	859	491	365	460	647	619	634	128	457	122	426	957	415	236	731	193	32	130	
225	550	49	891	158	298	949	60	48	259	53	71	501	459	950	282	634	573	724	543	
922	259	32	612	443	854	45	57	931	327	674	592	746	16	754	39	288	489	535	861	
49	68	434	197	737	756	32	233	636	961	89	20	888	185	796	868	146	879	758	202	
693	481	787	775	588	829	333	493	580	557	340	52	779	301	318	660	953	535	595	566	
45	258	989	96	999	663	504	992	471	354	478	504	49	563	757	149	179	368	941	211	
32	444	418	476	92	348	49	450	106	730	983	794	709	59	598	576	49	610	49	496	
17	874	32	9	17	653	691	402	611	654	850	286	677	781	521	477	116	774	574	346	
985	282	49	50	819	265	224	467	967	644	441	457	48	96	399	490	729	450	886	916	
52	955	569	116	180	642	774	779	365	278	831	385	989	298	402	467	32	111	45	567	
756	242	421	152	194	596	284	977	49	974	163	285	316	993	765	933	872	917	873	242	
377	687	32	521	10	78	51	866	50	527	433	373	747	250	85	701	733	335	679	834	
32	199	192	587	484	97	49	814	187	417	163	416	664	448	157	748	154	687	712	709	
785	149	48	219	585	831	988	647	56	124	10	412	822	758	406	303	32	139	202	44	
57	855	696	198	675	225	300	730	55	118	168	335	32	163	975	801	184	730	51	66	
890	420	977	609	402	336	50	19	67	756	833	329	32	447	778	111	427	996	45	947	
999	612	740	170	266	258	386	826	25	536	49	903	385	351	655	350	32	504	509	804	
45	688	424	355	448	889	49	780	652	265	595	918	32	293	36	995	846	160	523	823	
49	981	73	274	990	109	57	96	736	302	717	572	631	324	818	799	547	97	48	530	
41	373	56	377	146	444	170	808	78	264	720	366	267	721	140	412	484	40	395	529	
682	621	32	8	904	621	45	642	564	486	937	169	767	872	471	769	658	636	49	749	
32	982	874	860	383	911	369	27	515	156	45	57	933	965	708	192	49	543	32	637	
355	385	573	230	279	666	513	14	45	439	812	966	726	608	97	139	805	611	765	374	
49	378	32	418	334	344	45	609	586	102	624	79	735	20	852	721	661	436	45	835	
512	369	808	27	598	132	49	141	21	702	167	768	32	870	390	791	319	12	137	383	
632	952	412	769	796	75	972	897	415	763	67	138	56	805	300	358	486	5	870	408	
894	900	49	993	782	787	637	114	48	380	430	641	49	696	261	264	184	80	388	1	
32	748	137	169	457	788	195	879	894	940	51	227	157	639	965	225	312	956	855	559	
262	838	50	558	235	727	177	56	32	609	49	196	808	926	549	724	288	150	44	894	
484	443	340	505	722	812	383	93	509	549	486	578	401	845	729	381	593	922	48	300	
50	800	69	17	349	815	32	476	741	603	45	835	49	247	835	844	584	563	211	527	
99	673	767	89	613	945	832	245	32	349	96	811	767	999	240	546	455	23	203	328	
45	937	49	599	817	25	364	261	32	202	390	808	772	485	841	642	186	671	49	87	
281	836	550	531	892	248	48	93	689	635	939	617	665	725	241	151	345	112	964	857	
1	402	7	466	279	695	489	537	538	295	52	645	964	430	926	93	494	506	948	159	
673	221	32	207	552	305	497	48	49	519	727	639	934	243	721	941	368	281	258	987	
318	632	455	81	893	268	49	206	210	779	378	878	54	319	545	658	32	729	456	58	
889	38	197	117	305	663	502	18	673	789	45	491	832	554	942	228	49	842	448	342	
32	626	108	522	576	747	538	567	297	90	961	185	45	748	748	261	71	763	96	219	
49	430	768	420	308	259	32	582	159	578	471	115	622	106	856	573	418	374	45	469	
43	834	49	689	545	688	519	859	32	790	581	448	967	474	42	510	470	289	898	416	
49	96	952	463	243	36	48	429	651	782	530	414	379	584	854	242	369	760	53	49	
32	808	607	852	860	899	453	710	939	144	386	955	661	858	263	892	51	719	870	706	
797	477	264	372	433	515	581	974	824	152	595	394	257	724	484	413	50	527	165	771	
32	939	45	529	792	279	537	416	603	58	182	224	49	895	354	142	574	100	892	919	
247	387	186	602	525	285	441	551	278	662	32	338	357	519	876	96	725	787	45	43	
945	396	49	355	281	52	896	148	527	382	336	792	619	620	336	87	32	299	872	668	
49	300	49	733	337	90	621	67	48	341	333	682	434	751	130	242	840	75	525	990	
238	656	262	73	710	696	320	556	616	246	32	658	23	828	853	154	45	323	698	532	
612	482	513	972	494	886	118	779	360	970	49	695	859	282	355	525	32	754	192	75	
376	139	45	127	923	531	726	247	536	411	924	805	49	488	589	632	240	285	32	722	
49	745	62	640	904	455	463	855	861	558	49	170	49	542	664	418	32	298	49	807	
552	191	740	393	558	45	500	817	126	117	593	976	303	907	185	874	188	17	254	397	
49	169	48	250	576	997	32	779	148	694	804	336	49	560	123	689	865	53	48	469	
928	368	993	265	75	116	242	856	488	747	53	12	623	87	347	769	32	55	666	543	
997	746	687	341	577	119	408	451	905	511	49	985	669	417	612	261	951	620	996	118	
48	609	990	738	336	908	485	544	545	18	793	896	57	906	673	173	790	769	32	369	
405	370	139	888	775	460	49	593	578	92	49	627	677	396	517	236	722	837	87	337	
715	628	219	730	803	207	60	282	423	203	823	192	682	960	882	442	224	763	397	915	
658	23	656	176	122	474	52	258	287	928	392	546	548	604	490	425	392	464	623	859	
32	931	77	467	977	485	902	146	26	894	298	183	49	522	201	361	945	196	49	234	
216	25	49	941	680	815	633	812	32	643	45	578	200	942	725	525	164	964	113	804	
150	286	49	36	608	745	873	113	32	917	49	833	738	461	31	415	122	435	973	583	
45	912	305	903	979	439	897	589	796	608	452	639	827	61	206	489	49	962	32	454	
362	716	954	173	314	194	369	63	45	403	786	440	95	730	2	80	49	825	24	79	
311	690	644	55	823	164	693	868	537	108	543	214	668	285	60	218	209	815	32	574	
57	47	295	122	358	587	996	127	604	279	937	920	55	381	799	866	437	607	32	717	
478	718	45	80	556	365	165	987	49	434	860	367	958	16	300	525	42	972	78	400	
594	228	152	411	800	317	32	194	49	348	509	99	538	643	258	516	320	455	802	239	
49	606	494	766	82	543	54	611	939	557	32	514	721	660	262	844	912	467	96	894	
675	784	45	97	576	336	115	277	250	320	49	86	527	325	801	870	32	287	647	603	
718	365	786	191	216	359	619	559	45	423	180	387	49	489	818	197	251	777	32	356	
341	787	997	625	344	858	640	383	183	779	49	797	151	749	865	411	49	752	49	432	
357	341	856	589	566	265	307	99	704	31	32	843	806	478	234	676	280	378	95	482	
294	336	45	418	577	887	49	489	866	445	277	21	816	162	680	676	26	785	33	249	
32	665	934	789	488	325	45	37	773	937	231	575	93	991	568	471	367	364	223	891	
712	902	49	52	500	296	652	873	32	147	51	520	726	296	416	473	391	585	300	700	
50	597	791	796	419	438	398	871	32	146	732	401	657	605	838	767	976	13	330	253	
609	234	509	791	185	15	52	456	949	499	501	495	54	926	316	229	376	566	57	563	
814	656	864	509	759	735	124	924	535	640	722	942	924	299	475	353	485	76	49	81	
214	781	851	332	208	527	32	202	45	852	659	751	208	802	5	236	342	848	141	954	
968	191	902	539	62	131	278	351	701	345	440	197	953	213	179	152	49	558	32	49	
430	461	726	72	822	351	525	838	691	273	887	921	24	31	399	506	452	994	837	293	
45	288	509	868	541	46	49	365	32	630	35	549	540	178	236	107	709	751	49	162	
484	961	861	698	371	544	325	111	108	573	49	729	49	589	313	745	673	398	32	30	
893	855	55	719	357	539	983	62	963	814	49	938	549	797	850	491	408	138	737	784	
845	263	38	103	244	213	148	739	799	792	199	701	32	250	187	872	344	232	45	362	
49	653	487	188	625	946	732	481	617	175	32	244	314	610	636	857	68	641	45	909	
909	518	49	955	78	139	486	510	32	781	562	189	548	120	728	280	45	226	629	137	
49	528	304	76	556	577	182	721	481	318	983	768	32	995	165	969	879	239	627	333	
79	775	397	473	805	469	191	688	164	723	49	101	4	834	29	423	166	404	619	693	
44	248	49	136	920	628	597	172	283	863	380	390	590	731	938	799	37	591	208	510	
854	202	49	352	408	215	32	590	227	372	661	158	49	811	771	314	854	710	49	19	
984	327	181	433	885	773	49	322	594	230	32	855	51	149	177	883	747	941	726	776	
541	135	345	458	210	774	156	85	50	964	537	148	23	339	464	497	497	63	36	790	
32	430	49	39	728	958	973	177	941	925	663	241	48	811	873	869	530	375	101	914	
48	18	547	542	684	469	839	60	155	814	32	911	45	533	199	905	49	676	976	192	
212	233	32	610	576	380	716	269	441	403	947	145	421	191	311	14	45	724	976	219	
571	276	347	620	32	916	201	899	49	876	709	407	131	869	683	213	444	378	261	251	
62	477	240	95	783	580	988	445	615	784	32	526	31	301	838	784	942	540	49	454	
638	409	695	536	739	471	289	552	193	431	946	126	166	413	876	692	806	100	117	905	
799	59	661	312	960	164	48	705	54	718	337	927	32	642	445	720	493	681	795	192	
462	265	0	731	797	875	78	187	178	770	772	409	45	145	493	24	49	886	32	771	
572	864	45	324	656	960	795	360	129	36	489	152	207	927	727	787	49	876	437	688	
866	366	746	46	196	697	32	256	272	607	572	463	806	453	280	260	320	476	57	200	
56	546	47	39	389	569	674	286	98	487	157	388	32	859	244	126	451	929	566	11	
604	210	228	564	914	145	383	761	45	833	49	340	731	167	550	547	401	997	227	681	
133	453	133	308	797	367	155	952	94	178	175	758	703	542	717	293	459	258	32	94	
355	471	423	56	526	467	51	696	858	925	888	851	435	930	771	163	23	968	463	842	
559	489	933	61	985	182	722	75	50	343	654	973	344	156	157	834	32	998	381	335	
45	577	689	87	558	697	49	721	82	785	280	443	32	636	880	89	133	263	561	765	
500	578	179	450	309	674	45	604	667	680	49	441	208	793	467	266	944	53	32	530	
754	77	264	874	592	288	108	897	351	668	49	802	123	705	86	219	48	917	892	425	
316	67	53	475	303	23	32	643	230	938	394	263	358	420	959	16	720	71	438	767	
771	660	971	297	72	299	49	306	710	4	48	889	390	330	683	874	752	352	998	537	
699	279	858	93	721	170	925	371	50	426	32	960	385	822	929	883	597	449	226	602	
586	102	49	866	734	290	195	582	49	536	251	805	48	954	372	607	375	943	32	80	
542	481	351	538	623	943	477	309	675	150	395	562	45	440	246	870	538	869	467	681	
580	327	118	422	411	50	879	119	337	880	49	866	406	222	126	929	41	818	899	317	
32	749	260	26	996	319	853	390	51	248	764	246	674	474	464	400	495	117	50	949	
273	393	435	833	369	839	196	668	486	77	452	667	908	258	500	197	521	561	720	176	
949	765	153	925	673	59	39	570	566	429	32	19	236	222	83	638	45	913	481	932	
553	449	829	522	487	823	49	438	757	302	25	901	32	124	225	340	840	397	45	647	
49	66	81	706	169	814	32	213	944	609	60	31	813	852	576	992	194	465	115	145	
398	266	45	327	615	566	512	466	49	894	32	635	861	581	659	100	286	990	181	94	
981	6	49	970	330	549	852	81	48	841	451	53	918	659	113	579	26	73	794	725	
83	435	125	554	839	675	355	532	450	174	236	48	635	590	316	29	51	80	32	39	
787	602	245	437	829	528	253	630	45	553	61	11	45	702	448	698	49	251	907	963	
153	86	29	799	774	462	575	777	909	945	722	725	32	505	607	308	617	331	45	332	
63	312	738	959	634	70	49	173	40	155	906	142	32	558	601	9	203	188	356	607	
338	280	51	121	324	429	667	135	581	401	275	751	327	182	32	791	526	298	81	915	
183	844	142	433	764	616	50	413	200	86	809	445	345	985	742	176	959	705	694	743	
16	601	898	238	386	783	32	150	428	402	316	836	598	707	467	998	51	189	50	429	
226	747	990	702	993	610	409	234	32	714	49	998	77	145	542	824	99	648	488	595	
267	33	48	357	434	440	53	85	707	332	431	647	32	985	807	571	172	477	681	18	
894	155	33	817	833	324	301	469	410	645	932	611	49	833	803	488	49	136	52	445	
343	344	153	139	951	658	485	910	439	249	32	24	894	767	852	483	234	624	167	125	
918	39	156	524	803	649	702	923	45	988	394	965	192	923	599	935	426	799	49	554	
32	766	480	594	508	480	274	900	354	208	45	409	49	32	370	131	32	173	118	420	
878	917	116	800	708	47	869	822	369	952	318	348	80	109	27	524	49	218	480	867	
269	369	484	714	640	3	140	118	890	974	130	797	48	915	947	296	541	987	22	81	
39	538	419	245	773	978	17	777	971	21	756	966	631	363	630	826	760	69	53	732	
874	395	32	726	864	468	279	80	12	300	51	60	129	970	785	246	50	969	666	619	
32	203	413	98	116	287	114	864	475	81	479	803	49	936	51	903	215	414	49	256	
664	702	593	930	828	718	48	0	955	882	0	784	682	573	470	284	329	406	32	26	
880	981	171	497	529	759	615	390	175	699	45	37	181	807	192	832	49	410	892	321	
32	530	117	764	443	51	966	46	49	725	917	985	36	221	916	797	134	853	935	696	
619	565	732	9	728	94	949	283	39	602	48	791	51	392	504	161	85	411	228	804	
288	403	698	798	299	764	741	59	32	55	151	716	84	534	741	805	876	68	423	479	
302	172	45	637	479	845	644	603	658	201	354	795	49	429	132	389	363	55	32	900	
550	325	683	827	776	802	603	654	372	824	45	319	654	902	114	909	963	901	786	479	
122	762	49	911	13	2	6	905	215	737	583	707	576	931	338	847	32	321	163	793	
453	634	49	663	833	186	49	838	734	847	341	935	523	775	669	167	722	658	109	145	
179	550	717	646	989	224	54	15	871	157	32	449	988	672	233	575	610	361	800	443	
41	756	45	625	64	603	661	823	49	572	32	35	928	575	854	151	49	777	736	567	
462	176	48	834	976	79	411	636	665	527	878	102	451	729	371	212	695	456	52	624	
48	712	773	211	987	374	32	833	767	367	488	242	956	186	325	348	315	943	640	32	
349	986	936	559	795	989	120	618	45	552	49	366	594	182	175	116	79	672	97	47	
461	889	753	56	109	2	234	299	498	449	936	628	833	198	489	221	745	788	32	574	
94	349	210	194	178	286	45	220	291	240	858	17	49	244	443	679	32	528	950	902	
331	201	419	134	267	892	793	87	86	140	425	226	926	865	63	690	49	760	342	49	
49	197	435	24	98	775	875	503	486	462	687	546	53	137	957	551	693	663	797	754	
985	203	122	381	949	588	715	850	460	498	908	579	387	707	797	216	32	150	899	891	
804	652	952	383	944	370	897	504	304	926	649	196	218	283	388	839	45	547	729	187	
49	993	809	746	970	41	512	578	32	950	506	580	497	261	426	195	466	791	45	164	
49	952	520	91	809	254	704	83	429	371	908	80	98	325	99	226	32	109	51	613	
144	713	470	710	452	797	883	152	668	872	50	301	462	155	989	896	665	336	299	749	
505	925	32	463	151	901	251	234	408	477	211	555	58	524	813	274	642	770	824	58	
434	339	716	464	779	635	620	275	862	24	133	461	792	282	855	382	52	662	54	298	
477	357	32	143	742	191	984	614	49	49	326	16	172	15	961	112	497	235	125	94	
49	998	260	784	720	910	54	294	453	489	800	844	32	190	72	477	172	215	507	192	
49	635	740	566	831	736	49	635	492	682	49	308	32	360	876	431	30	129	45	762	
452	74	508	797	342	772	798	497	836	995	983	400	254	375	53	900	531	565	45	436	
22	290	49	567	832	294	32	83	314	999	378	437	95	150	442	78	441	219	481	661	
904	38	558	569	815	324	49	275	943	139	697	57	906	831	162	415	49	73	197	992	
317	173	55	791	15	964	242	184	32	586	384	91	497	59	397	270	630	206	763	599	
822	898	45	934	482	297	49	976	995	334	249	517	32	582	19	940	202	68	45	482	
49	775	132	48	775	23	143	124	386	583	883	875	32	325	686	225	13	581	45	661	
388	543	604	707	577	107	282	641	49	686	32	266	139	696	174	161	201	272	529	281	
45	665	288	225	432	221	49	29	588	919	14	542	848	612	509	370	310	248	993	254	
295	862	685	977	149	14	32	839	16	329	49	325	113	876	773	803	716	528	717	340	
949	798	874	655	102	268	864	531	670	939	990	280	928	357	235	735	48	971	91	123	
49	878	32	91	97	684	593	38	55	269	887	540	358	329	191	955	566	490	256	369	
290	858	899	537	781	493	34	554	65	603	56	582	32	930	609	747	918	613	155	491	
744	906	55	654	881	149	508	339	168	445	880	486	399	950	353	196	45	259	964	402	
49	770	302	552	378	323	32	472	45	118	595	43	49	565	668	963	569	194	32	944	
740	642	698	987	400	191	141	389	58	667	247	117	253	524	750	578	437	242	406	897	
848	975	49	554	833	542	587	610	50	151	402	830	578	168	831	295	48	316	709	753	
32	465	45	820	851	279	350	856	122	40	224	81	814	521	748	171	55	40	218	503	
606	987	195	167	955	208	887	202	723	409	178	204	565	431	173	86	49	551	127	716	
554	280	32	175	80	315	723	211	282	11	49	413	392	429	107	900	766	602	824	468	
953	8	896	752	321	372	49	795	544	201	565	367	902	421	734	587	888	576	54	4	
32	753	174	544	95	46	346	105	814	523	45	490	49	168	933	779	470	482	399	602	
855	387	32	524	481	485	781	82	45	435	215	796	592	152	742	905	49	130	527	971	
32	852	507	421	817	738	491	487	49	342	867	624	711	463	812	350	795	445	659	836	
48	44	499	733	885	497	384	247	265	919	412	250	599	21	153	66	81	717	556	27	
237	591	49	103	598	630	864	689	32	993	372	704	740	751	277	989	236	162	254	880	
127	355	49	360	139	594	49	302	224	77	236	999	45	122	250	25	985	288	99	648	
857	555	239	417	539	839	635	894	261	446	440	804	50	433	654	186	32	275	51	762	
125	134	136	769	847	852	557	580	289	935	50	558	814	271	369	926	495	167	454	425	
32	946	466	752	874	9	479	275	49	704	622	322	48	979	365	484	740	26	261	0	
57	196	171	954	489	458	667	798	813	238	806	785	32	320	129	781	49	944	115	91	
15	127	956	221	687	328	751	924	115	985	48	416	250	962	643	562	53	929	130	563	
364	761	114	844	514	608	587	350	508	336	309	126	32	687	59	771	297	988	49	710	
40	838	72	797	826	916	49	351	536	668	54	307	321	564	611	154	32	909	389	268	
217	466	45	284	332	490	515	553	105	418	49	920	278	521	541	999	32	952	460	901	
866	692	765	996	776	465	45	721	342	981	860	454	708	726	968	351	286	302	49	825	
32	239	469	927	889	387	45	862	790	756	640	244	49	308	254	43	366	354	536	971	
974	877	750	901	469	436	937	368	32	877	693	489	764	201	121	261	49	943	470	64	
897	82	48	94	336	21	149	678	49	249	170	326	80	205	435	483	57	274	119	318	
32	633	24	85	24	331	438	388	240	726	45	274	49	788	597	269	166	333	32	586	
760	606	578	397	127	523	843	29	85	963	858	713	553	269	656	224	52	101	785	225	
52	961	269	107	193	454	32	678	564	365	140	223	45	720	959	643	725	566	49	167	
511	302	119	628	446	240	140	720	908	897	32	262	878	287	4	228	367	995	545	681	
306	683	496	132	713	388	795	246	45	882	944	454	696	859	313	258	49	451	185	915	
358	649	32	450	185	625	945	247	108	493	669	762	49	662	241	180	45	656	723	313	
48	859	447	181	52	697	3	153	896	800	28	749	132	412	243	658	483	716	52	18	
199	480	32	962	481	59	327	768	678	150	682	293	124	766	939	748	49	628	582	226	
117	179	49	123	169	364	606	450	150	966	752	753	512	363	246	464	106	92	236	409	
54	975	904	370	611	878	288	49	426	668	32	196	80	767	487	955	272	440	45	994	
715	918	659	806	457	831	85	784	49	868	613	68	429	327	734	522	355	986	532	51	
32	236	45	146	194	966	75	734	49	532	484	381	487	604	373	865	916	439	248	177	
32	192	878	513	267	437	51	579	729	609	342	927	51	23	506	590	459	256	444	110	
189	705	682	105	950	558	595	492	358	301	946	920	732	756	542	552	175	934	426	423	
833	23	464	302	411	729	142	486	50	147	256	175	32	7	721	761	269	426	49	630	
948	472	376	506	293	203	48	185	742	214	49	620	840	713	964	379	32	688	45	438	
947	622	49	392	336	449	596	23	177	176	230	551	414	474	627	69	490	79	784	559	
32	153	631	83	358	357	829	81	906	944	536	967	45	926	932	318	291	232	49	644	
525	235	167	717	393	623	32	223	406	348	957	19	45	242	147	811	914	42	49	383	
165	860	32	786	605	349	197	986	910	136	990	330	814	31	669	19	379	541	860	981	
49	100	48	65	710	980	56	577	32	253	817	458	398	269	70	331	132	919	19	15	
23	600	857	535	876	131	712	694	393	722	47	281	57	356	795	350	56	999	497	545	
579	851	32	302	499	842	206	510	49	186	45	942	943	151	865	693	613	466	643	532	
769	919	49	643	26	102	960	232	985	737	15	775	91	99	922	851	291	951	377	786	
520	110	192	754	307	394	371	897	444	606	499	833	52	387	983	393	258	298	32	623	
525	361	45	604	160	925	960	199	49	148	428	412	264	858	259	268	323	376	1	751	
32	47	932	960	833	162	49	452	839	352	599	656	289	966	425	387	865	372	490	710	
590	671	407	768	144	417	49	991	344	850	49	898	666	421	453	386	812	774	32	123	
957	540	45	91	123	893	580	600	171	316	49	470	478	442	623	973	32	383	976	4	
273	777	45	647	257	260	49	657	922	117	867	897	117	656	531	934	888	635	270	662	
624	656	100	553	315	936	546	981	356	736	668	370	292	296	167	815	32	422	45	126	
644	620	139	546	346	850	682	390	49	455	214	701	266	821	565	420	789	120	641	574	
32	398	194	685	886	504	509	812	45	828	170	285	566	911	314	489	55	821	49	866	
899	30	360	197	182	259	32	223	22	696	709	641	617	965	325	815	598	403	949	318	
951	214	506	905	325	193	232	311	336	819	49	70	780	572	864	339	49	780	560	923	
926	58	208	356	559	297	811	857	53	778	862	118	32	596	15	149	623	667	520	435	
104	260	893	472	437	731	49	888	815	162	49	657	951	269	766	345	48	71	32	483	
366	870	522	916	479	504	949	17	536	251	534	259	87	545	413	30	519	633	823	95	
196	988	202	974	369	12	49	84	742	57	143	276	815	338	946	495	763	220	476	432	
49	214	674	699	738	182	500	267	747	252	339	942	885	420	674	365	49	547	32	519	
19	170	965	658	320	780	684	225	966	276	51	215	725	977	973	407	50	845	750	312	
32	331	84	945	300	73	725	721	852	458	481	932	576	713	528	580	524	421	791	461	
49	852	694	86	860	563	338	872	327	532	48	249	352	597	928	203	57	569	840	124	
39	301	32	424	17	151	521	280	45	294	542	593	359	842	6	371	49	435	21	894	
297	768	850	446	792	881	32	927	238	851	853	309	81	543	221	615	303	108	45	690	
840	919	693	234	998	442	914	8	967	320	89	910	49	746	950	564	58	319	694	416	
878	714	32	545	865	573	807	712	543	237	172	652	58	400	575	114	49	732	635	634	
659	643	881	166	741	950	547	337	282	309	851	190	49	210	304	247	611	392	552	37	
565	539	974	870	381	719	57	411	127	268	965	786	387	470	70	135	32	739	950	107	
275	173	460	729	494	745	523	673	858	536	45	18	523	342	36	390	49	106	720	469	
448	347	363	366	98	901	63	688	370	147	195	594	32	847	472	421	658	894	45	5	
38	779	603	927	573	883	49	409	521	811	106	398	32	109	435	179	129	11	693	798	
109	222	439	61	121	474	938	330	45	200	36	276	748	631	329	11	199	525	865	808	
649	166	784	142	266	351	907	340	49	47	187	342	126	401	517	429	499	56	32	820	
57	643	714	373	47	2	56	947	682	660	32	824	51	706	997	553	50	602	190	503	
692	543	659	104	795	24	634	827	32	592	51	414	280	125	209	73	565	819	396	273	
57	978	32	686	530	748	475	909	45	242	635	347	401	918	261	500	815	130	538	348	
187	857	423	40	838	95	746	948	456	952	49	570	578	917	867	743	32	853	49	894	
845	344	49	993	571	983	10	491	140	786	778	351	148	159	640	333	404	666	335	498	
54	702	338	679	899	929	776	942	32	326	101	741	382	987	43	972	362	307	45	512	
23	335	567	938	690	863	49	914	378	649	93	677	403	58	52	799	261	955	533	150	
347	187	137	52	569	975	767	41	32	652	45	998	678	686	270	1	380	573	645	896	
49	733	15	204	768	721	125	682	489	144	630	576	554	979	280	501	363	353	32	834	
208	575	34	137	288	107	392	919	875	200	467	116	45	27	479	962	49	153	32	277	
430	353	49	20	598	618	389	277	837	642	380	632	978	271	988	329	608	336	96	973	
48	116	49	641	383	50	32	491	830	556	317	85	45	574	246	12	537	293	991	537	
49	267	152	349	289	994	802	646	268	921	32	358	51	247	360	681	727	412	78	572	
245	375	328	732	955	978	29	601	272	577	62	141	57	251	120	915	635	938	568	384	
644	690	50	177	958	904	32	988	673	58	527	526	723	389	552	318	169	918	690	453	
440	773	114	681	873	185	479	256	432	754	627	290	419	679	199	766	45	98	49	695	
312	770	930	53	611	883	626	414	32	701	45	518	634	531	474	888	990	748	915	297	
7	598	812	58	537	191	147	406	49	247	62	597	32	128	780	91	846	746	552	388	
606	192	842	888	515	706	895	502	18	150	57	831	877	585	277	829	55	8	749	298	
24	797	506	723	47	683	211	251	800	190	32	70	226	801	77	445	412	629	969	625	
51	661	50	670	896	465	32	302	413	559	858	153	398	21	644	996	703	82	676	667	
778	691	468	488	400	266	49	529	728	800	171	983	776	110	601	302	813	115	11	873	
33	660	908	73	971	848	216	580	891	258	237	370	385	588	708	433	716	694	716	237	
739	356	49	639	982	522	165	600	49	227	860	554	32	36	143	763	691	893	45	211	
186	741	765	363	147	244	907	434	642	939	42	512	49	607	442	984	32	820	307	195	
718	39	57	200	940	726	675	352	716	177	195	927	112	36	735	983	45	848	970	532	
554	677	199	112	552	332	49	240	853	997	11	123	770	786	197	423	873	620	16	488	
32	187	994	845	276	123	820	916	949	410	529	475	427	186	167	55	815	911	918	258	
370	133	49	722	531	28	57	488	48	287	49	159	966	480	495	682	921	678	191	340	
349	976	726	441	161	834	722	819	309	891	53	941	596	320	857	464	800	517	610	265	
32	119	25	822	62	851	753	444	745	327	639	21	45	895	858	952	755	55	313	323	
727	614	49	130	434	300	788	173	969	879	93	127	380	398	122	374	59	482	685	61	
32	113	45	31	857	271	49	39	350	906	22	983	435	124	535	787	990	594	53	990	
32	960	389	407	82	793	49	844	349	501	826	831	226	69	655	779	908	641	214	147	
306	852	125	10	389	304	807	54	50	197	24	817	644	500	717	542	84	436	113	256	
797	918	860	991	581	608	49	82	32	562	898	265	48	865	596	110	978	719	211	72	
49	821	174	418	898	840	49	667	998	528	53	760	412	51	182	436	236	688	32	852	
391	4	45	470	614	8	134	980	396	496	49	45	595	923	738	654	32	272	563	356	
761	405	102	911	971	728	45	869	49	212	67	102	694	980	265	800	537	822	788	221	
32	42	988	201	654	355	870	989	889	321	464	485	624	629	672	22	681	223	52	347	
821	854	505	348	490	176	599	365	49	578	935	364	571	879	991	838	186	866	496	704	
504	980	32	486	71	73	137	845	363	245	375	713	998	292	992	560	630	702	51	631	
869	692	202	322	449	375	39	26	218	337	161	829	50	917	209	289	32	267	648	668	
770	917	45	584	137	766	902	644	49	644	32	308	752	557	466	303	53	373	377	978	
56	888	32	694	791	994	403	973	886	704	89	901	174	9	381	411	264	116	467	724	
412	754	955	732	391	556	402	44	486	298	45	766	49	872	337	715	373	154	344	497	
750	432	907	413	329	454	330	634	237	567	222	622	105	276	862	201	164	183	438	668	
32	524	72	44	163	813	45	303	49	193	197	23	32	775	982	723	358	859	45	807	
182	479	719	899	809	248	540	238	189	961	868	474	49	574	99	327	32	